# Created by Octave 3.8.0, Sat Apr 08 18:10:14 2017 EDT <jerclark@Jeremys-MacBook-Pro-2.local>
# name: v
# type: matrix
# rows: 1
# columns: 10
 5.1 4.9 4.7 4.6 5 5.4 4.6 5 4.4 4.9


